[6800, [95, 75, 30, 75, 65], [1900.0, 1500.0, 600.0, 1500.0, 1300.0]]
[1700, [90, 75, 10, 90], [540.0, 450.0, 60.0, 540.0]]
[6700, [55, 75, 35, 15, 40], [1650.0, 2250.0, 1050.0, 450.0, 1200.0]]
[3000, [90, 40, 20, 30, 50], [1170.0, 520.0, 260.0, 390.0, 650.0]]
[2800, [65, 15, 75, 65, 60], [650.0, 150.0, 750.0, 650.0, 600.0]]
[4300, [5, 60, 35, 25, 55], [120.0, 1440.0, 840.0, 600.0, 1320.0]]
[8600, [50, 80, 80, 45, 5], [1650.0, 2640.0, 2640.0, 1485.0, 165.0]]
[8900, [40, 85, 90, 45], [1360.0, 2890.0, 3060.0, 1530.0]]
[3700, [60, 5, 15, 65, 90], [960.0, 80.0, 240.0, 1040.0, 1440.0]]
[7300, [35, 85, 30], [1715.0, 4165.0, 1470.0]]
